64984
64704
64704
64408
63744
63480
63024
31460
31460
20901
20690
20685
20685
20685
20701
30932
30932
20802
20802
20845
20813
20829
20709
20477
20309
15118
15118
15118
15114
19981
14872
14872
14872
11993
12150
11964
11987
10140
10134
8672
8624
10084
14990
14990
14990
14818
14818
19834
14742
11676
11676
11811
9828
9870
9785
8484
8502
9788
9878
9849
9849
9854
11897
14578
14586
14614
14598
14798
14922
11913
12108
14860
14772
14824
14824
19293
28844
28492
18888
19288
28712
19058
14284
14332
19018
14432
19098
19157
14524
11726
9897
11833
9849
9820
11859
11856
11878
11878
9825
9876
11926
14958
15034
15030
19874
14868
19650
19650
19650
15044
15072
15032
15206
12022
11870
9973
10064
12100
12228
12238
10192
12132
12107
10045
9984
11988
12036
12043
10085
12224
15302
12185
12182
12172
15124
20066
20066
15144
15140
19981
14976
12081
12126
15064
15064
15064
15080
19666
29008
29008
19757
15076
15020
14902
15010
15030
15110
19890
20018
20018
19997
29712
29712
29712
29100
29100
29140
29140
29212
29212
29036
29036
29036
19312
14472
14592
14614
14610
14610
19234
14582
11587
11688
11691
9738
11819
9840
11928
12040
11953
11940
11844
10049
10020
10073
10094
11998
11979
11979
14708
14708
14708
14708
14700
19554
19730
19698
19698
19464
19464
19464
19464
19448
19448
14484
14596
19426
19426
14680
14844
19869
15070
15070
19946
14910
11916
14866
15002
14854
14854
14998
14870
14878
14878
14998
11948
11804
14648
11710
11700
11700
14562
14644
11812
11812
11825
11860
10080
9965
9946
10056
12012
12044
12038
9981
10000
11840
9934
10009
10089
10137
10132
12011
14806
14806
11995
10140
10216
10224
10208
12260
12164
12062
12043
12148
12329
12304
15164
15032
15032
14940
12046
11993
9986
11912
14838
14838
12060
14974
15090
15142
12182
12054
14998
19840
15018
14786
14846
12006
15014
15014
19802
19802
14766
11734
11824
11872
11897
10004
11844
14672
14608
11849
11849
11971
14826
14806
11900
14692
19352
28780
19426
19597
14668
14560
14656
14680
14868
14756
14784
14896
14892
14912
14844
14816
14816
14816
12059
12094
12216
12222
12222
15284
12094
15172
15188
15352
15356
12280
12254
20237
20114
15164
15152
15068
20088
20029
14924
20024
20024
19746
14720
14812
19658
14986
19746
29332
29492
29492
29484
58232
58232
29264
29252
19370
19370
19397
14434
14706
14738
14768
14688
14688
11731
9688
11745
11732
9906
10018
8652
11977
12003
11971
12108
15022
11923
9822
9580
9574
11465
9793
11713
14558
14744
14744
19541
14748
14776
14978
15130
15102
11988
12097
10053
12027
10013
12204
15338
15250
15298
15366
15218
15158
12201
12089
12070
12112
12150
12150
15142
15182
15226
20085
20010
20069
15038
19861
19496
14780
19642
19642
14972
12067
14982
14762
19602
14836
14960
14836
20013
14884
14940
14672
14672
19429
14722
14566
14618
14686
14644
19362
19362
19312
14594
11820
14612
14760
14752
19426
14464
14476
11774
11880
11867
11857
14708
11633
11499
11496
14128
11438
14372
14408
14260
14452
14788
14876
14648
11681
14678
14762
14874
14874
12073
12249
10180
10177
10134
10081
10054
12300
12380
12265
12105
15150
15270
15290
15274
15202
12118
12032
12032
15170
12121
12025
11990
11955
10022
12070
12080
12070
10185
10236
12185
12185
12185
12064
15214
15226
15250
15234
15234
15278
12163
12083
10052
8518
9836
11827
11827
14644
14514
14514
14654
11792
14914
14930
15064
19970
15100
15056
15140
12068
9976
14848
14888
15008
11966
11969
11956
12086
10137
10025
10065
11995
9968
9992
11867
14690
19392
14678
14368
11763
11763
14846
19792
14814
19573
19621
19648
19610
19610
14962
12188
10132
10102
10086
10110
12001
11995
10048
11884
11910
11910
19584
14844
14888
19928
29896
19901
19976
14904
15134
12268
10220
12348
12345
15300
12171
12078
14804
11998
15056
15056
12164
15056
15060
15000
12148
12148
10098
12184
10138
10028
10014
11953
10101
10101
10146
8682
11942
12046
12046
10206
12339
10222
8756
8722
8784
10080
10080
12148
15236
15284
15260
19898
14874
11891
14722
14634
14534
14582
14784
14680
14692
14708
14688
14696
19410
14488
14464
14620
14262
11459
11384
11425
9612
11723
14592
14564
11620
11561
11804
14600
14600
14770
19792
19674
19792
15016
14876
11889
11844
9958
12105
12147
12220
10174
10161
10041
11932
11936
11939
12000
12086
15134
15050
14884
12001
14826
14742
14964
11921
12068
12132
14888
14988
14768
19746
14788
12008
9984
11875
12025
12115
10046
12073
14956
12011
12011
12072
15206
15196
12075
14994
12227
15048
19757
19680
19680
14730
14680
14596
11608
9581
11456
11590
11590
11584
11385
11340
14124
14304
14260
11553
11758
11723
14590
14638
14638
14666
14540
14540
14600
19645
14858
14894
11910
11910
14870
15100
15100
15228
12241
12174
12180
12116
12206
12251
15322
15306
12227
12099
11958
14894
14974
15062
15062
15062
14870
19957
14942
12032
14922
12006
15198
15322
15322
15322
20490
20490
20490
15174
15174
15174
15266
20277
15198
12048
10132
12048
12035
12035
10169
12158
15090
15054
14946
15142
12067
15032
15080
15064
19994
14942
19973
14842
19674
19674
19373
14380
19056
14272
14462
14462
19181
14492
28596
19173
19178
14640
11900
12003
9881
11824
11937
11937
11969
11979
12088
11988
11988
10058
8600
9965
9872
9794
11532
11532
11532
11561
9617
8384
8382
7332
8490
8699
7517
8507
9924
8619
10005
9964
8618
8632
11880
14872
19810
15020
14914
14942
11849
19509
19509
19778
20013
20013
20013
20013
14976
14924
14876
14876
11819
14878
14878
20266
30176
20256
20192
15086
15138
20109
15272
15328
15120
15172
15252
15194
15166
15374
15406
15218
12160
10044
11892
11908
11782
19461
14746
14746
11905
11892
11883
14720
14740
14876
11966
14804
19629
19888
19893
19600
14678
11833
14708
11636
14516
11593
11593
11696
11614
9717
9800
9802
9884
9878
11830
9982
12144
10044
11904
11894
11952
10089
11979
11931
14794
14646
11819
14580
14670
14670
14670
14642
19378
14700
14836
11972
12123
11916
10048
11976
11976
11995
14836
14836
14968
12051
12060
15154
12278
12284
12163
15070
12150
12172
15218
12112
15146
12051
12044
11990
9982
8516
9940
11798
11849
11862
14776
14628
14628
14600
14438
14602
11766
11908
12099
15290
15290
15290
12288
12342
12294
15224
15136
19973
19909
29704
29800
29564
29564
20085
20312
20434
20280
20098
15204
15124
15104
15104
15132
15192
15164
14950
14974
19786
15012
14948
14936
19989
15114
14942
14942
14998
20000
20037
20037
20042
20016
20208
20080
20250
15134
15138
15198
12134
15170
12016
19562
14650
14782
11958
11958
11958
10196
10105
10113
10217
12240
12121
12163
12121
12160
15126
15126
20101
20256
15102
11961
11913
11716
11649
11649
11553
14448
14548
19317
19317
14760
19693
14888
11876
11796
9904
9824
9781
9797
9765
11590
11668
9868
9868
9852
9905
9905
11728
11728
11744
14722
14802
11952
14802
11920
12044
10190
10174
12131
12172
12211
12230
12230
12230
10185
12057
10038
11968
12035
12035
9961
8605
8498
9792
11739
14672
19461
19744
19525
14590
11798
14924
15036
20098
20104
20104
20104
14964
19784
19784
14940
14900
14788
14942
14942
19677
19784
19784
14736
14820
11806
11784
11806
14892
14820
14864
14626
14590
19384
19384
14532
14532
14678
14678
14516
14524
14564
19485
19517
19613
19698
29364
19920
19920
19677
19677
19677
19530
19530
14534
11588
9738
11739
14606
14804
14914
12064
14914
12152
12142
12081
12052
12129
12129
10096
10096
12014
11931
15118
14922
11843
11820
11968
11961
11961
9924
11867
11867
11836
9940
10033
11976
11985
15104
19970
15094
20224
20282
15340
15216
20349
20344
20378
20293
15046
15110
12025
12057
11915
11886
9890
8437
8341
8362
9730
9818
14408
11643
14720
14712
19338
19338
14826
14656
14806
12036
11889
14732
19453
14508
14496
19288
14424
14424
14596
19210
14662
14642
14650
14760
11924
11924
12076
12092
12092
10057
8507
9996
8500
8553
8553
8585
8530
11699
11724
14722
15038
15182
15186
15302
15302
15262
12185
15150
12102
15040
15040
12008
12008
12008
12027
14838
11985
11988
11988
14838
14838
11817
9753
9890
12060
15134
12092
15060
15080
15164
15164
15136
15124
15100
15024
15012
15032
15024
14908
14908
14920
15052
11976
14916
15108
15072
12041
11961
12022
9929
11945
15006
15026
12086
11929
14994
11948
11820
14694
19653
14670
11801
9902
9910
9937
9926
11907
9972
11896
11985
11985
11985
14964
14964
14960
19858
19858
19682
19933
20066
20066
29952
20093
29952
30188
20016
20266
20266
20448
20629
20624
30432
30432
30416
20461
20650
15350
15174
29928
30112
29628
19992
14972
14972
14972
14868
14856
19752
15118
14862
11856
11868
9988
10001
14740
19442
14544
14432
11476
11476
11476
14332
14320
14246
14246
11324
13972
14068
11332
11358
11513
14390
11712
11721
14726
14714
14676
11729
11729
11697
9733
11638
11784
14488
11790
9914
9904
9906
9909
9874
10022
10033
10033
8643
9984
12001
12201
15016
11915
12024
14884
15040
14912
20229
15030
15030
15030
15030
15030
19989
19989
19989
19824
14846
19738
14718
14706
14682
19546
29216
29096
29096
29264
29264
19298
19298
19293
14588
19333
14490
14490
14610
14486
11758
14442
11699
14432
14480
19000
19000
14418
19000
19141
18981
28028
27956
19000
14404
11827
9822
9777
9806
11926
15002
11996
12019
11963
11844
11867
11883
11774
11768
9889
11961
12086
11904
14664
14740
14740
19546
19397
19477
19674
19605
19605
28644
28644
28844
28844
29180
28972
19656
19693
14760
12104
12104
12206
12305
12264
12331
12321
12158
12123
15120
12219
12291
12144
12131
12201
12185
12169
10228
8742
8790
8795
10169
10092
12115
15016
19858
29244
29156
19645
19576
19576
14636
14748
19968
19904
19845
19845
19845
29964
29964
19893
14826
14998
14990
15058
15122
20032
15158
20032
15002
12108
15262
15250
12172
15096
15100
15052
15056
19792
19792
29412
29268
29268
19429
28940
19141
19421
19194
19088
14182
18834
14290
11518
14234
14382
14382
14206
11465
11588
9741
9856
9864
14450
14700
14804
14804
14760
14752
11764
11710
9916
9793
11795
11795
9881
10012
11940
10061
12049
14896
14896
15044
14892
12040
10210
10208
12187
12232
15274
15274
15274
15422
15542
12416
15464
15160
15152
20173
29544
29652
29652
29700
20224
15126
15126
15014
15038
19778
19709
14656
11675
14486
14530
11579
11585
14596
11662
14350
14548
19285
19536
19514
19514
19488
14804
11940
12027
12024
12075
12075
12051
9929
9948
10021
12027
11998
9960
12027
12158
12212
12161
12107
10133
10186
10245
10250
12238
12171
10040
10144
12219
12238
12305
10309
10309
10272
10238
10233
10241
10265
10180
12195
12112
12137
12137
12105
11945
11891
12009
12028
11993
14884
19570
19570
14890
14846
14814
15018
14926
14666
11808
9812
9812
9812
9966
11884
11884
11878
11792
11913
11980
11980
12083
12169
12169
15174
15174
15174
15178
15162
15286
15286
15174
15062
19968
20138
19754
15098
15118
15082
15214
15230
15230
15060
15108
14980
15048
20000
14976
11944
14866
14866
14866
14742
11692
11705
11683
11689
11689
14654
14810
19154
14726
14758
14758
14928
14928
14884
14872
14960
19728
14694
14694
14568
14476
11499
9528
11321
14288
14320
14320
11662
11627
11627
11707
14478
14486
14458
11712
11705
11689
11689
9777
11587
9756
9652
9694
11705
14524
11782
11676
11676
14446
11420
11449
9648
9669
9762
8555
10046
10004
9916
11875
11961
14896
14884
15044
15144
14970
14982
19957
29908
19888
19888
19925
29712
19752
14800
15092
12027
14768
14646
19616
19920
19920
20125
19989
19914
15084
19914
19642
14598
11584
9574
8283
8342
8336
9829
9917
9906
10042
9992
10058
10013
12022
14700
19232
29228
29228
29228
19912
14880
14880
19725
29568
29568
29760
29760
29760
20029
20136
19904
19813
19813
19501
28840
19205
19205
19173
19168
19168
14572
14664
14656
14628
14604
11910
19437
19224
19352
14660
14744
14744
14712
14648
14744
19906
19949
14940
14904
15068
14992
11896
9882
9909
9936
11817
11836
9932
14592
14496
14516
14516
14488
14614
11593
9832
9901
9962
9970
9989
11948
11936
14560
14420
28220
18928
18928
14512
14524
14474
11548
14388
19080
28500
28500
28732
28732
19264
19392
19392
19386
14504
14806
14806
14930
14930
15276
15336
15456
15456
15436
12260
10205
12116
10176
12222
15160
15160
12120
12203
12193
15290
20285
20274
15052
15052
15024
14972
15094
15158
14960
14960
11828
11937
11937
11979
10084
10108
10126
10118
12160
12198
12080
12064
12214
15196
15008
15024
12096
15146
15146
20072
20285
15340
20285
15334
15342
15342
15342
12128
15250
15250
15014
12188
15194
12134
10204
10214
10042
9841
8584
9885
11820
11820
9945
11833
14678
14948
14948
19746
19397
19472
19477
19653
19653
14992
15004
14882
14678
11726
11726
11726
11572
11572
11707
14804
14780
14680
14756
19885
19874
19874
19816
15016
15016
15016
15124
14932
19549
19549
14796
14820
19554
19434
19434
19562
19272
19656
19797
15152
15048
11908
11928
14816
14784
14886
14886
12025
11792
14528
14532
14536
14568
11960
15020
14992
14992
19621
19397
19397
14506
14684
14780
15034
15170
12259
12190
15152
15228
12084
12084
12084
12120
10056
10094
8637
8644
10084
10081
10100
14904
14536
19133
19002
14536
14536
14512
19248
19248
19248
14614
14614
11662
11729
11691
11729
14548
14276
14154
14306
14118
11412
14162
19130
14230
14198
14282
14158
14330
19098
14444
19026
19026
19165
19165
14368
14338
11651
11651
14702
19680
19920
14822
19698
19760
19602
14812
19618
19738
19770
29256
19637
19637
29256
29256
28936
28936
28936
28936
19549
14854
14822
14822
11932
14822
14866
15018
15062
15062
15122
14942
14808
19632
19600
19850
29532
29436
19616
19616
19616
19616
29476
19640
14892
15006
14810
14846
14846
14748
11636
14494
11539
14288
11600
11681
14522
19157
19304
19197
19197
14564
19432
19432
14720
14792
19528
28868
29156
28796
19381
19090
14382
14450
19120
19469
19701
19653
19653
14830
14830
11846
10018
12068
12062
12024
12024
10093
12040
12137
12108
10153
12134
15158
15038
19682
19450
19424
28976
28976
57176
28908
28908
19597
29168
19384
19458
19405
19714
19762
19762
19874
15088
15088
15204
15204
15136
15136
15136
15074
12041
12076
12073
14998
15006
14898
11872
11961
11961
11974
12060
10140
12188
12150
15346
15346
12198
12236
12172
12096
12153
12128
10041
10060
10060
8608
10002
12030
14964
19832
19832
19832
19704
19704
14696
11723
11784
14808
19536
14610
14782
19629
19629
19762
19914
14930
15134
15134
12086
12086
10068
11926
11830
11875
11875
11875
11907
14726
14726
14726
11692
11692
9846
9734
11644
11644
11545
11596
14538
11753
11753
14576
14534
14302
19237
14278
19290
19280
19152
14564
14564
11627
11790
11790
14860
14860
12003
11888
11872
9870
9886
8413
9860
9894
10012
11859
10020
9932
10030
11921
11921
11995
9877
9920
9885
9874
14600
19261
19261
19557
19557
14634
19296
14674
14830
11964
11942
12009
12032
12099
12217
10246
10204
10177
10225
10201
10241
12313
12358
12177
12171
15224
15280
15158
20136
20146
15262
12096
15142
12080
12134
12134
12217
12246
12150
12192
10126
10161
10156
12163
12160
12102
11996
19682
19682
19672
19672
28936
28816
19192
14248
28136
18749
14304
18749
14428
14428
19098
19301
14710
11833
11904
10028
12016
12006
9897
11849
14672
14758
14882
14862
14810
14810
11843
11843
11808
14630
14586
11657
9861
11875
11929
12016
12000
12000
12028
11961
12003
9980
9988
10004
9982
10030
11932
11913
11862
11881
9886
9876
9868
11780
9786
8459
8512
9812
11849
9974
8544
11840
11862
14752
19837
14954
11952
12108
12304
15058
12316
12326
12108
12128
