64984
64704
32452
32304
31972
31840
31612
20965
15738
15690
15532
20712
15544
15572
12462
12481
12462
10416
10421
12536
10426
8940
8889
8789
8717
10097
8665
10113
12121
10076
8571
8573
7467
7511
7609
6695
7549
6771
6768
6759
7571
8672
10100
8662
8688
10025
8589
10060
8546
7383
8507
7525
8587
8624
8550
10097
12128
12112
12128
12092
15130
12105
12172
10033
12051
12073
12060
12073
12172
10124
10209
12144
15082
15106
12092
9945
8505
8466
7355
8500
9849
9812
8404
8432
7395
7425
8466
7427
6638
7537
8646
7533
8605
10014
9990
9988
8573
7499
8514
7485
8608
8633
8676
7587
8603
10020
9948
9993
8589
10121
10140
10113
10193
12099
10020
8642
8720
10148
10254
12320
12316
12291
12265
15278
15186
12147
10158
10164
10217
12300
12313
12262
10212
10204
8699
8688
7617
7619
8708
10057
10054
10142
10140
8658
8665
8665
7587
7499
8507
9950
8617
8690
8658
8601
8628
10084
10137
10070
10134
12166
10124
12118
15194
15178
12019
12022
10028
12099
12128
15162
12112
12076
12086
10001
9988
10068
10020
8582
8640
10046
10065
9985
10012
10014
8580
7585
7581
8690
8713
8651
7559
7499
8617
8592
7555
8649
8564
9980
8571
8493
9916
8505
8532
8528
8505
8580
8566
8573
9889
8475
8486
8482
9892
8505
8420
8484
9881
11814
14890
12038
10062
12188
12166
12099
10046
8603
10017
12134
12016
11990
12105
12067
10057
10065
8692
8653
8617
8560
8557
9980
9969
9948
8562
7521
8605
8614
7557
6801
7569
7555
7637
8724
8747
7647
7581
8683
10028
8653
10097
10177
12275
12268
10118
10001
10062
12166
10196
12294
12304
12284
10238
8704
8630
7537
7603
8800
10249
12214
10086
10089
10028
8662
10092
10062
9998
11987
12044
10097
12035
12128
12169
12182
12054
14998
11974
15118
14950
15010
12137
12137
10100
8605
10065
12019
11945
15050
12083
12108
10124
8589
8576
7497
7573
6736
7599
7533
7523
8644
7493
7439
7433
7461
8555
9969
9849
9862
9878
10004
9929
11916
10001
9998
8578
9966
11942
15014
20122
15206
15250
12316
10265
10273
10273
8710
8738
8747
7733
8843
10321
8822
10222
12198
10217
10209
12188
15234
15190
20138
15186
12179
12128
10046
10108
12064
10118
10006
9972
12035
12051
10036
9988
8603
10065
10065
12009
9988
8569
8507
10036
12067
12016
9956
8530
9878
9790
11820
9836
8541
7555
8706
10089
10110
10084
12243
15234
15122
11961
9865
11836
14766
11926
11891
11833
11907
9937
9988
8587
8603
10126
10198
8722
8653
8731
7619
7593
8676
10166
12265
12195
12233
15366
12169
10097
10164
10092
10076
10110
12176
10161
10126
10153
10182
12089
15062
12057
12051
11952
11830
11936
9942
8518
8589
7545
8564
7407
8443
9932
10014
9932
12057
9964
10001
9948
8569
9948
10020
11904
11945
12000
9937
11862
11881
9876
8502
10014
12012
12131
10100
10001
9934
8518
8553
7547
7539
8612
10009
9902
8388
8386
8336
7379
7413
8464
9780
9908
12009
10062
9937
11897
14942
15026
12105
12134
12252
15478
12348
10284
10241
10188
10161
12300
15482
20458
15138
15150
12211
10185
8717
8676
8649
8587
10073
10156
10148
8626
10038
8576
7549
7573
8665
8658
8726
8770
8745
8745
7659
8669
10204
12259
10228
8754
8786
7707
6808
7613
6755
7521
8507
9945
8534
9857
8418
8406
9849
9910
12032
12044
10068
10014
12124
10070
12156
10094
10017
11926
9961
8603
8578
8580
7497
8637
10140
10028
10068
9996
9972
9996
11872
11856
11843
14946
11849
11977
9961
10052
12060
12041
10006
8594
8605
7513
8582
10118
10222
10201
12211
12192
12220
12121
12115
10148
10049
8628
10070
8514
8580
8605
8635
7551
8624
7571
8614
10158
10289
12352
10356
12428
12352
10236
10158
10036
10092
10057
10036
10140
10078
12102
15090
15218
12179
10124
10174
12201
10134
10129
10121
10209
10214
12316
12300
12144
12150
12179
10262
10334
10265
8793
8758
8820
8749
10214
10254
12345
12384
12364
10206
10177
12214
15126
15038
14938
14986
14986
11900
14866
14882
14862
19834
19808
19669
14722
14878
11756
11811
11811
11852
9905
11968
11955
9940
8468
9849
9969
8484
7457
8518
9988
8507
9988
10065
11971
9966
11939
15046
12182
12224
10244
12291
10225
10105
12009
10006
9993
12000
10068
10081
8589
8546
7537
8569
8534
8610
8578
10134
8729
8642
7597
8646
10116
12131
10156
10137
12112
12156
12246
12192
15262
12147
10161
8717
10225
10254
8740
10137
12096
12243
10134
10086
10076
8592
10012
9998
9990
9889
11766
9764
11856
11856
11849
9758
8329
9734
8443
8418
8480
8532
8507
8461
7425
6586
6599
7407
7401
8484
7481
6672
7527
6688
7529
7517
8683
10212
12336
10326
12329
12336
10222
8756
7687
8745
8736
8726
8635
9961
8500
8546
8596
10033
8621
7445
7491
7481
8612
10046
8660
8765
10284
12358
10252
10278
12384
10313
12230
10196
10188
8781
7649
8742
7581
7627
7583
7575
6700
6776
7621
7611
8681
8619
10190
12182
15222
20368
20346
20250
15134
15166
12022
9953
8550
9905
8404
8395
9758
8404
7381
8420
8432
9788
11820
11824
9940
8576
8649
8548
9945
11977
15010
20074
15062
20272
15074
15086
12150
10092
10057
10025
11942
11894
11894
9929
9953
9940
8589
9969
8541
10094
10190
10068
8564
8560
7589
8651
10089
10150
12204
12102
10092
12099
15254
12137
12160
15082
15014
12022
15198
12294
12236
10196
10212
10174
10140
12134
10145
12102
12140
10113
10193
10140
10188
12217
12176
12217
15274
15362
15418
12163
15262
12268
15226
20272
15406
12345
12195
10150
8624
10001
11996
14930
14794
11955
9974
8578
10001
8562
9900
11900
11990
10046
11932
9934
9990
11996
11916
14886
12000
11958
11833
11804
9796
9798
9884
11766
9844
8505
8507
8544
8539
7451
8626
10121
10049
8537
9956
8571
7565
7489
8528
8498
9900
8516
7373
7411
7377
6574
6561
7353
6568
6629
7529
8685
7529
7559
7507
8621
7553
8541
7515
6736
7607
7613
8745
8816
7715
6787
7623
8733
10212
10209
10161
8706
10110
12131
12076
12070
10012
12019
11948
12000
12012
12003
11916
9889
11849
9825
9918
9993
10009
8635
10185
8729
7643
7673
7707
8777
8720
7583
8651
8635
7549
8658
7529
7535
6775
7685
8838
7673
8694
7673
8726
7623
8717
8731
8765
8749
7587
8688
8644
7607
7575
7569
8608
10132
12099
15162
15186
20250
15210
20224
15166
15146
12227
10121
10206
12214
12217
15338
12246
12243
12128
15010
14994
20154
15190
12233
10190
10289
12243
10206
10310
10289
10190
10225
12233
12272
12208
12208
10132
10209
10153
10057
12000
9964
11897
9945
9865
8452
8509
9889
8470
8516
7451
8589
7471
7421
6645
6592
7387
7399
6552
6490
7353
6620
6620
7439
8548
8573
7425
7437
8452
9889
9942
8601
10022
10062
12140
10190
10174
10118
10153
8726
10201
10214
8779
8738
10129
10110
8603
8651
10102
8601
7581
8560
7415
8466
8461
8475
8534
9852
11788
9929
8578
10086
10108
8662
7577
8694
10076
12000
12028
12115
15110
14998
20069
20133
20053
15058
20138
15002
12025
9953
8512
9953
12012
11955
11990
9900
9881
11849
9889
9870
9913
9940
8482
9838
11817
11849
9900
9916
9964
10006
11929
12041
12067
9966
8518
8534
8496
9926
9854
8395
7407
7437
8516
8598
10068
12224
10105
10190
8724
10132
12108
10150
8729
8722
8722
10092
8555
10070
9940
11843
11820
9969
9964
12003
11955
9894
8489
8480
8548
10070
10030
10038
12144
10078
12185
15306
15350
15458
12262
12294
10238
10241
8738
8642
8678
8637
8660
10065
10049
10038
9996
11865
11884
11849
14854
19594
14842
20010
14994
11862
11872
12000
14966
11987
10062
11984
11945
9852
9801
9793
11728
14630
11705
11843
11766
14886
11881
11888
14922
12003
10006
10068
10081
8658
8624
8507
9996
8500
8553
7497
7525
7477
8461
9897
11929
10038
8683
10137
12262
12262
10188
8697
8646
8637
8592
10036
8585
8601
8637
10097
10012
10062
8624
7549
6686
6693
6625
7389
8557
7541
8651
7561
6702
7553
7595
8694
8678
10121
10105
8614
8608
8619
8614
8548
8546
8553
10057
8573
9966
8649
8628
8608
7479
7517
8521
9966
10012
12035
10084
11948
14994
11948
11820
11769
14758
11750
9830
11888
11897
11929
11916
11907
9972
8512
8576
7515
8621
7529
6680
7517
8553
7483
8480
10022
8644
8672
10100
10134
10132
10180
12160
10188
10222
12380
12412
10337
10212
10214
12256
10305
8870
10265
12179
12060
15122
12048
10110
10097
8653
10100
10030
10020
9988
10070
11945
9926
9937
10038
10052
11968
14802
11811
11721
11657
9756
9772
9758
9750
9729
8340
8292
9641
8315
9774
9796
9897
8475
8578
7509
8624
7537
8544
7469
7521
7501
8566
7487
7573
7503
7577
7595
8674
8676
8678
7565
8699
10164
8733
10217
8697
10164
12281
10169
12080
15242
15114
12211
10086
12192
12083
10105
8658
8658
7579
8640
10086
12073
11974
11961
14910
14830
19765
19733
14754
11872
11824
14806
11907
11996
9892
11884
14858
11900
11830
9852
9884
8537
8454
9913
8466
8546
8509
9964
9854
11897
9937
8454
9934
9854
9796
9772
8436
7389
8546
8521
7419
6611
7481
8603
7525
7539
8612
8528
9972
11987
9972
8544
8585
10094
12185
10084
9988
8601
8582
8560
9916
9870
11968
11926
11932
11811
11756
9860
11840
11974
11891
10017
8598
10033
10126
10132
10206
12352
12310
12377
15466
12300
15338
15298
12265
12291
12230
12217
10236
10222
10209
8763
8742
8790
8795
8777
8710
10166
12128
15146
20032
14974
12073
12032
12057
15038
15038
12083
12044
10004
11996
12041
15150
15170
20160
15026
12080
12073
12128
10132
8621
8669
8630
8621
7575
7635
8722
8706
7593
7595
8656
10105
11987
12064
9961
8493
8498
9881
11776
14586
14758
11708
9724
9638
8283
8313
9724
11571
14618
19552
14562
11718
9772
9860
9974
11984
14818
15006
20154
15110
15066
12041
12009
12006
12048
11907
9950
9932
9964
12054
9977
8642
10062
11974
12003
15158
12086
12131
10236
8768
8765
8777
8763
7653
8749
7699
7759
7751
8834
8740
10196
10177
12076
10086
12137
10126
10217
10193
8742
8678
8692
10062
8592
9948
11897
14794
14838
11801
14766
14734
11772
11692
9814
9745
11849
9860
8461
8450
8484
8557
10060
10057
12124
12115
15138
11974
9993
10033
10030
10006
9972
12041
10140
8726
8690
7567
7603
7643
7687
7691
6796
7607
8612
8701
10190
12252
10262
10321
10321
8811
10238
12284
10241
10265
8722
8704
8644
8662
10118
12115
11955
9913
8578
10028
12003
12009
11993
15030
12096
10046
12035
12044
11961
14794
14894
14858
11942
11977
12086
12044
10033
10028
11952
12073
12140
12172
12249
12297
10254
12275
12275
10254
8788
8779
8850
10326
10252
10177
8667
8740
10132
10190
10204
12249
12355
10302
10308
8745
8772
10212
12252
10212
10158
10132
12147
12137
12131
12032
11936
9953
8512
9910
9892
11833
11958
11795
11891
11916
9929
12012
10017
8557
9980
12051
9993
9929
9918
9878
8441
8386
8342
7251
7265
8324
9774
8445
8420
8445
8502
9913
9918
8482
10025
12028
10006
8598
8608
8548
8589
8500
8537
8585
7487
7557
7521
8598
8550
8457
8477
7443
7459
8566
10124
10185
10142
8614
8594
8656
8662
7571
8697
10177
10113
10121
10108
12118
15122
15134
12124
15106
15070
12044
10113
10070
8557
9985
10025
8635
8656
10153
8626
8601
8621
8539
8493
9828
11708
11619
9772
9841
9833
9926
12022
15018
15098
12012
12092
12028
15034
14874
11763
14894
14922
12022
12144
10065
10084
10022
10012
8582
7555
8621
10078
10161
10158
8626
8587
8605
8578
8480
8452
8454
9852
8438
9876
8470
8523
9942
9924
11862
15006
11878
9870
11872
9908
11961
15018
14926
11884
11961
12105
10105
12086
12057
10150
8653
8587
8564
8587
10049
11974
14998
12080
14982
11904
11920
11920
9910
9977
8482
9961
10030
8646
10100
10118
8669
10108
12019
9918
9830
11875
11875
9958
8539
8521
7437
8514
8466
8443
7381
7439
8514
7469
8594
10076
10073
10009
12105
12115
10129
10150
12307
15450
15570
12454
12425
10281
8795
10174
8788
10262
10228
8768
8765
10278
12329
12320
15370
15362
15214
12160
10110
8633
8676
8676
8603
10046
8512
8589
7533
6716
6737
6753
7615
6760
7617
8710
8685
7587
8781
10236
8662
8672
8697
8708
8717
10148
10254
10268
8765
8804
10281
8820
8845
10206
12320
12256
12220
12240
10150
10137
8768
7677
8685
7525
7579
8605
8589
8651
7593
7515
8523
8621
7549
8585
9950
9988
9990
10078
10070
10145
12188
15226
15054
20021
15034
15030
11865
11804
9945
11984
11964
11884
11945
10009
11993
9998
8541
10052
10110
10108
12220
12067
11920
14966
11984
11996
11948
14890
14842
14938
14838
15034
15110
12236
15198
15042
15006
19882
14874
14938
14918
15038
14994
11884
9902
9905
9926
8585
10062
8605
8587
9905
9814
9814
9790
9873
11929
12048
12156
12259
12214
10113
12201
15142
15186
15234
15278
12131
12153
12137
12112
15138
12102
12124
10036
8496
8436
9833
9918
9918
9902
11865
9849
9857
9948
8523
8461
9932
9900
11923
9852
9774
9766
9868
9742
9772
9745
9865
9790
9769
9825
9742
9857
9849
9886
9772
8374
8434
9849
8436
8422
9860
8448
9948
9982
10097
8587
8596
8619
9988
10065
12000
10009
8589
8514
9966
11987
9980
9998
11875
9886
9900
11894
11907
15014
14982
12022
12044
12012
12038
12160
12195
12233
12233
15126
12064
12019
9996
10102
10089
8617
10057
10057
10062
12102
12118
15054
12080
12163
10041
12083
15102
15058
11884
11849
11798
11769
11811
11833
11801
9780
9798
8349
8352
7349
7351
8393
9897
11939
9902
11859
14974
14794
14938
11881
11923
14978
11884
11948
15022
14986
11980
10044
8608
8598
7565
7591
6741
6720
7569
7577
8651
10161
12169
10153
10108
10097
8582
9881
9772
11715
11728
9809
11708
11833
11849
9945
11843
11811
11856
11824
11916
11945
11894
14958
12112
15182
15278
12192
12137
12160
12160
10078
12086
12121
10094
8592
10033
9961
11916
12006
10022
8596
10105
10198
10212
10180
12342
12371
10244
10276
8758
7613
7649
7633
6741
6753
7601
8678
10073
12115
15070
20069
15054
15090
15042
12038
11968
9884
9886
11926
9844
9820
8512
7471
8544
8601
10089
8642
8676
10132
8669
7589
7589
8589
9945
9982
8566
7517
8617
10022
8569
10004
8502
8521
10006
9894
11836
9854
9772
11782
11811
14930
14974
14918
11862
11827
9932
8427
8532
7459
8452
8461
8505
9910
8608
9990
12086
15114
12201
12086
12070
12048
10052
9985
10025
8619
10094
11990
12128
12022
12140
15062
15062
20213
14982
15046
11990
11977
11862
11795
9798
9844
8445
8429
8422
7441
8596
10121
10102
12134
12156
10078
10177
12300
10204
12217
15350
15314
12294
10257
12358
10182
8720
8722
10217
12185
15234
12188
12268
15206
12172
10116
10161
8726
10254
10278
12300
10281
10252
10262
12313
15362
12281
15286
12118
10025
10073
10068
8635
8528
9913
9908
11782
11724
9766
9798
11651
11804
14830
14826
11881
11990
10046
12060
15250
20304
20288
15054
15014
14946
20021
15134
12086
12044
10046
8608
7559
8617
10036
12012
9961
8560
8525
9996
8626
8614
10110
8683
8635
8653
8589
10033
8610
8592
7551
8555
9969
9926
9942
8509
8500
9913
8461
9849
8498
9980
9953
8578
10116
10113
12044
15090
12022
15086
12108
10081
12224
12304
10137
10260
12326
12236
12256
