32592
31752
21117
21053
15582
12492
12492
12460
12534
12492
12534
12518
12528
12534
12528
12206
10104
10048
8632
7528
6697
5968
5974
5429
5032
4652
4285
4318
4029
4006
4002
3737
3760
3510
3523
3340
3125
3143
2988
2820
2690
2691
2584
2584
2584
2482
2393
2397
2308
2218
2215
2221
2163
2141
2043
2065
2065
2062
2062
1992
2001
1937
1859
1795
1791
1795
1719
1668
1616
1577
1542
1496
1449
1421
1422
1422
1402
1396
1378
1355
1340
1327
1323
1317
1290
1252
1232
1235
1201
1176
1178
1177
1177
1164
1158
1129
1121
1098
1105
1106
1085
1094
1095
1079
1046
1028
1021
1007
1015
1002
996
990
993
988
967
946
951
951
949
940
940
931
910
901
896
877
868
868
869
849
834
837
825
826
826
826
822
825
809
792
798
795
795
786
773
773
774
773
766
759
756
752
745
741
725
714
710
714
712
707
705
707
699
695
685
676
675
668
667
665
665
665
656
656
650
649
648
644
648
641
635
631
625
618
617
614
609
594
595
588
580
582
580
574
578
572
566
567
563
551
555
551
550
548
548
542
538
536
528
530
526
531
529
526
525
517
516
514
509
504
500
496
498
493
498
493
492
485
479
478
475
476
471
470
474
472
471
473
469
461
465
461
458
457
457
450
451
447
446
442
440
437
438
430
427
426
427
429
424
424
426
421
414
411
411
413
410
406
400
401
401
400
397
397
398
400
399
401
398
398
400
396
396
