64984
64704
64704
64408
63744
63480
63024
31460
31460
31340
31024
20669
30876
20744
31144
31144
31096
31224
31224
62440
31184
31184
61984
61288
60784
30164
30204
30204
30060
19989
14878
29732
29404
29732
20074
19882
19936
20176
30064
20008
19917
19981
19826
19826
20016
29684
29692
29692
58408
28824
28824
29160
19394
29160
19309
19533
19533
29516
29788
29700
29700
29700
59760
29692
29812
29812
29812
29844
30092
20021
15222
19917
19768
29736
29736
19581
19544
19461
14490
14646
14490
11542
14422
14494
19256
19456
29024
29024
19536
19776
15076
14908
19869
14860
11862
14810
19714
29424
19528
19736
29620
29620
19898
19989
29268
29204
19344
19573
19877
20069
20106
19901
20141
29796
19738
29812
30312
20146
15364
15364
12283
15332
12246
15130
12035
12035
15100
15120
20418
20477
20498
20413
20408
20248
30184
30112
30112
30112
20061
14880
19786
19962
19992
14940
14952
14952
14960
14790
29180
29292
29612
30048
29612
19605
19658
19658
29576
29156
29668
29668
19760
14778
19829
19834
19533
19533
19544
19645
29512
29512
29504
29536
29536
29316
58264
29516
58720
29340
19698
29452
29452
58488
58488
58488
58488
29692
29832
29912
29912
19842
19842
14756
14886
19725
19858
19858
19661
19530
29192
19370
19410
19432
14658
14670
11699
14690
14690
14690
19346
19346
19346
19298
19346
14604
19272
19346
28992
57712
29100
29420
29420
19984
19984
19840
19578
19589
19472
29452
19461
29048
29552
29552
59160
59160
59640
29696
19773
14724
19586
19586
29252
29252
58424
29448
29448
29548
19874
20170
19634
29316
20072
20072
20072
20061
19682
19770
14662
14880
14876
19986
15092
20058
14960
14752
14894
15072
15138
30416
30416
20253
20253
19989
14870
19736
20133
20328
15208
12072
20000
30044
29456
29656
29656
29456
19501
14600
19541
29364
29104
19656
29368
29456
29136
28972
28972
29664
29480
29480
29816
19869
14892
11841
14944
14872
19525
29420
29540
29604
29716
29468
29540
29480
29852
29852
29924
19765
14798
14950
14814
14662
11715
14698
14698
19533
14502
14522
14522
19560
19434
19437
19624
19624
19624
19669
19437
29052
29196
29600
29700
20048
15094
15136
12104
14832
14886
14958
12208
15394
20522
15350
20245
15130
15220
15170
20016
14998
14954
14862
14950
20066
19981
14896
19981
29360
19704
19490
28976
29060
29060
29060
28976
29136
29208
29076
19312
14458
14474
11494
11795
11795
14588
19090
19090
56568
28140
28512
56568
29064
19730
15010
14798
14804
14804
20130
19789
14724
14416
14278
19013
18874
19072
28600
56568
56936
28744
19448
19517
19645
14990
20328
15212
15098
15212
15176
20170
20120
20200
30472
30296
30296
30296
20056
14976
15074
19938
19781
19938
15026
19992
19992
19992
20109
14908
19824
19933
19933
14820
14696
14832
14860
11883
14922
14986
11908
14608
19392
14654
14768
19490
19714
14660
14660
19370
19376
14472
19376
28772
28868
29004
28764
28612
28696
19080
19229
14730
29664
19965
29796
29572
19573
19618
19760
19936
19914
14918
11923
11795
11660
11699
14546
14698
19696
14746
11673
14786
14896
14984
11832
11811
19728
19882
15040
15076
20256
20450
20272
30452
20213
20096
20096
20274
20408
15156
14966
30120
20242
20242
20221
30120
30024
29516
29668
29956
19952
19778
14784
11787
11843
11878
19824
19706
29788
29940
19941
19941
60048
29784
30328
30328
30328
20189
20333
20392
20349
15210
20221
29956
19765
19813
19821
29356
58304
58304
58304
29324
29584
29584
19864
29584
19941
29860
20010
19946
19698
14664
19578
19837
29532
29532
29532
19885
20082
19858
19938
19864
19914
19962
19741
19714
19490
29520
19501
29520
19640
14866
19850
19818
19770
19770
19770
19770
19890
20093
20368
15242
30404
30252
30252
19997
30028
20170
19920
19957
29880
19645
19712
14888
14888
14844
19776
19920
19781
20026
20288
20288
20517
20448
20277
15122
15006
11859
11926
9900
9900
11977
11787
19621
19608
15014
15014
14994
15070
15070
19986
14976
14976
12110
12116
15220
15252
15056
15056
15056
20266
30628
20272
15194
15134
20325
20170
20218
30404
30508
30508
30508
20200
29976
29976
59512
29616
19608
19672
14748
19528
19522
19522
19522
19648
29468
19504
19472
19680
14602
19565
19562
29404
29404
19762
29600
29600
19682
19509
14806
14654
14654
14642
19664
14654
14742
19808
19650
14724
19597
14886
15074
20160
20282
20282
15198
19829
19664
19669
19642
19642
29552
29560
19680
57992
58488
29216
29152
29764
19760
30308
30468
20101
20213
15086
20128
20106
30300
20176
15078
15078
15230
15162
15186
20128
15154
15154
15242
20360
20285
20085
19962
20208
15054
20008
14984
14874
14798
14832
11851
11729
9693
11577
19530
19530
19610
19130
19056
19125
28940
28940
19690
19818
29432
29272
29272
29224
29224
29004
29004
29124
19568
29580
29708
19797
19797
29592
29980
30212
60904
30820
30692
30692
20346
15250
15282
20216
30188
30012
19882
14730
19560
19605
19789
19714
19714
19490
19613
19666
14950
14950
20018
20306
20472
20493
20450
20525
20600
15440
20232
20232
15168
12270
12182
15248
12124
12129
15068
12049
10000
12129
15110
20021
14982
19896
20157
15048
19984
20048
29960
29860
29760
29824
29560
58504
58504
29140
19226
28664
19093
19160
29024
19301
19368
19082
28804
28804
19554
14766
19808
19602
29372
19744
29664
29744
29744
20061
14928
15004
15112
12059
11985
11860
14704
11710
14624
19693
19757
29540
19856
14816
19805
15048
20264
29756
58528
58496
29928
29632
29608
29792
29792
29528
29560
59064
30148
29996
29996
29740
19728
19728
30140
20325
20229
30232
30232
30232
30116
29888
29888
19816
29856
29856
30004
29844
29988
19962
29852
59784
29872
30152
30344
29872
30108
20221
30084
30108
30588
30672
20192
30096
19885
19757
19680
14690
19514
14786
19514
19589
14670
14658
14518
19442
19744
14890
14710
19610
19722
19722
14752
14756
14856
14794
19477
19477
19192
19192
19389
28684
19200
29384
29384
19776
29384
19568
19784
19784
19464
19160
19160
19362
14818
14624
19394
14514
14454
19314
19061
14488
11569
14518
14490
11582
14550
14682
11868
14928
14768
14768
19610
29320
19632
14564
11726
14782
14834
14846
12035
15310
15310
14958
14958
19994
29836
19877
19792
19792
19672
14740
14672
11726
14606
29296
19410
19410
19512
29164
19290
14406
19133
28420
28700
19290
19290
19533
19970
19970
19992
30084
30084
29972
29772
19746
19746
19752
14800
14932
19752
19752
20021
20106
15288
15164
19936
20109
19997
20064
20064
20064
20109
20109
29868
29868
29508
19821
14824
14812
11782
14920
14674
19610
29456
29456
29456
29456
29456
29456
29744
29300
29744
19776
19781
29804
29804
29676
19621
19413
29076
19637
19906
19906
14924
20098
19741
19741
20098
30016
19882
19952
19901
19952
19749
19749
29364
19722
19600
19434
19352
14484
19218
19218
19040
19245
29024
29132
29132
29292
29292
29540
29396
58096
29344
58096
29028
58096
29004
28724
28724
58096
58096
28988
29100
29380
57528
29228
29228
29228
29388
19821
19712
29620
29772
20098
20066
19976
30008
30008
30008
30008
30008
19997
29668
19760
19736
19760
29612
19605
29740
29312
29032
28992
28992
29020
19565
19370
14498
19557
19701
19837
19880
19880
19880
20058
14952
19752
19752
19952
29892
19770
19770
29764
59224
59224
59224
29468
29468
19562
29008
29008
29284
29008
29008
19202
19194
28544
28824
28768
28948
57688
57688
28764
28764
28764
29144
29192
29336
29660
19682
29660
29660
19605
29240
19640
19640
19640
29240
28828
19445
19445
19584
14826
19842
15048
14758
15048
15036
19776
19685
19933
20029
15004
14996
19709
19208
28956
19117
14280
19026
19272
28796
28796
19120
18898
28344
28344
29016
19640
19493
29220
19802
29480
19952
30076
30164
20312
20146
20256
20221
20221
30204
19933
20018
29848
29848
19805
29728
29648
19672
14580
14580
14574
14682
14492
14640
19741
29688
19602
29296
19770
19770
19786
19981
14860
14806
11729
14664
14652
14620
19384
29036
29380
28916
29272
29272
29404
58608
58608
58608
29756
29772
20005
29772
58608
29716
19738
19784
19826
59224
29408
29104
29132
29132
29436
29856
29864
20096
20096
30004
19920
29768
59224
59224
59224
59224
59224
29920
29920
19800
29772
29812
29812
29716
29748
19621
29240
29680
19928
19936
19936
19936
29844
29844
59176
29544
29488
19640
19640
19640
19661
19640
19501
29148
29148
29460
19530
19322
58768
29300
29300
29084
19498
29084
29164
29164
29324
19696
29192
29288
29084
19168
14306
19210
19186
28904
19405
19429
29268
29268
29268
19610
14668
14850
14878
19914
29784
29600
29600
19637
19637
14606
19776
19909
19909
20005
20074
20069
15190
20184
15268
30580
20560
20560
20554
20296
30428
60848
30716
30716
60848
30068
29772
29936
29936
30160
30160
30168
20104
29932
59440
29612
19981
14800
14764
14780
19805
14952
19621
14546
14514
19192
14308
14308
14308
14384
19013
28408
28628
28696
28424
28424
57160
28696
19394
19413
19640
19640
19730
14790
19421
19410
29336
58296
29128
29128
29668
29128
29668
29668
19749
19754
19760
19581
14848
19810
14994
15078
14944
19912
20176
19904
29276
19717
14654
19930
14834
15042
19992
20072
20072
20072
20072
15004
15004
19933
19720
19677
19597
19490
19490
19458
19458
19618
19450
19456
19624
19821
19445
19461
29132
29132
29056
29056
29056
29316
28928
28928
28928
29612
19685
19701
19525
29468
29468
29032
29132
19306
19160
19192
19440
19496
14806
14818
14770
14770
19808
19808
19808
19845
19882
19669
19717
29612
19706
19696
19744
14946
14998
14934
11833
11913
14818
14818
19496
19210
29104
28932
28932
19104
14302
14512
14564
19826
19669
29848
29960
19960
20146
20146
30456
20477
30456
30784
20509
20397
30500
30316
30396
30396
30244
30156
30332
30292
30236
60528
30236
30404
30404
20256
20146
30280
30168
30168
29624
19693
19848
29584
29584
29276
19509
19770
19509
19450
19450
19450
19573
14808
19664
29336
29548
29532
30004
30004
29796
20042
29796
19853
20040
15190
12144
15048
19938
19938
19874
19874
19565
19693
14636
11649
14670
19552
19408
28860
29308
28628
28452
18789
18789
18880
14242
11286
14254
14254
18896
19061
28612
19242
58232
58232
28768
29624
19938
19938
19570
19586
14652
19528
29316
19301
19317
19274
19317
29164
28760
29088
19384
28876
28876
19765
29536
19845
15092
15082
15082
15138
15220
15238
15238
15330
12355
12313
12275
12166
15166
30212
29860
29860
29860
20066
30352
30352
30352
20077
20109
19944
19736
19629
29196
57912
57912
28868
28868
19194
14386
19106
14436
28768
19421
14544
14544
29032
29032
19517
29468
19632
14896
19869
20013
14840
14886
19960
19960
14944
19792
19909
20058
30236
30108
19981
20016
30108
30284
30284
20130
15060
19909
20122
20192
20224
15246
30552
30552
30440
20194
20184
20184
20184
29956
29944
19880
19976
19976
60000
29588
19626
14862
14862
19824
29668
29488
29488
19842
19714
29472
29472
29272
29024
29348
29348
29348
29348
29620
19669
29460
58272
28960
58272
29644
19986
30152
30152
30152
30064
30064
30064
20120
30064
30312
20194
20077
30044
19898
20037
29872
29996
30132
30188
30452
30452
30452
30044
30140
59912
59912
59944
59624
29720
19778
19762
19752
14684
11726
14744
14716
19517
14612
19498
19648
19400
19498
19498
19498
19722
19722
29392
29416
29416
29280
28748
28748
28748
19109
28408
56432
56064
56064
28292
28292
56984
28452
28452
28728
28980
29052
28996
29372
29656
19736
19736
19810
19536
19736
19461
19461
19573
29088
19701
19605
29524
19594
14526
14562
14614
14666
14726
19930
20210
20125
19869
14868
29912
59600
59600
30184
30184
29904
29904
59600
29748
19781
19786
19824
29560
58816
58816
29860
29552
19560
19560
19642
29552
19872
19957
14834
19701
14888
19664
19557
28908
28648
18997
14474
14588
11662
11771
14900
14904
14984
14764
14984
19842
19736
19522
28832
29200
29200
19706
19802
19584
19584
19461
19440
19440
29300
19488
29500
29748
29740
29468
19546
19706
19706
19410
28944
28952
28960
28960
29072
29072
29288
29288
19490
19360
29556
29260
29100
29100
29260
19610
29384
19568
19568
14876
15074
15106
14990
11976
15136
20029
14900
11904
14900
19802
19653
19680
19845
14814
19554
19688
19704
19648
14830
14714
19658
19802
19954
15070
20101
15070
20050
19882
14794
14690
19712
19712
19845
19845
19845
14862
14874
11844
11819
14768
19752
19773
19789
19872
19872
19872
19738
29828
29828
20042
20053
30296
30416
30688
30688
30616
20264
20298
20128
15214
20384
20218
30464
20296
20392
15276
20256
30280
30280
29912
30020
59320
29544
29700
29700
19621
19653
14586
19962
19962
20032
20032
15142
20261
15178
20240
20240
30240
20152
30584
20368
15098
15098
15108
15120
20218
15118
20293
20293
15186
20344
20344
20426
20530
15224
12241
15196
14960
15196
20157
15100
15256
15272
15120
19954
15084
14914
19826
19970
19970
19717
19642
19856
19922
29700
58496
29584
29592
29856
29856
30252
30252
30220
29780
29768
29844
29836
19626
29252
29588
29588
29588
29388
29540
29784
29604
29668
29668
29916
29996
29996
20157
29784
19642
19677
19832
19832
29540
19616
29416
29480
29216
29608
29608
29996
59296
29372
58408
29016
29016
29016
19325
29136
29048
57360
57360
57360
28948
58408
29432
19600
19600
14570
11566
14446
14402
14588
11825
11944
15010
30268
20120
19944
15104
14988
15032
15076
20178
15024
15024
15024
19920
29784
29784
29784
29584
58584
29120
29120
19658
19658
19709
19501
19432
19448
29416
29416
19493
29384
29288
29384
29116
19274
19250
19384
14396
14414
28604
28964
28620
28620
19264
28620
28964
19285
19482
14434
19258
19421
19618
14704
19520
29028
19344
29268
29268
29612
19610
19610
19610
14602
14922
14838
19800
29732
19637
19637
19674
19674
19816
29392
19581
19581
29324
29324
19706
29324
29324
19693
29324
29324
29652
29652
19946
20005
19570
19512
29000
19293
19712
19712
19648
19746
19746
19864
19864
29848
19805
19805
14952
11848
14824
14884
14850
11718
14634
29060
28648
29060
29136
19362
19141
19242
28480
28488
28812
28812
28772
19376
14598
19269
19186
19624
19168
29052
19306
14554
14632
28896
28896
29124
29052
57896
29372
29376
58336
29444
29692
19776
19712
29716
29716
59160
29760
29760
29916
29844
59416
29456
19357
19138
19082
19082
19082
28424
28736
57264
28964
19170
19170
14452
19170
29076
29076
19312
19640
19890
19890
30176
30176
20032
20032
20032
14996
19805
19805
29756
19754
29516
29084
19312
29084
29084
19498
19840
20194
15220
12144
12251
15388
12232
15312
15232
15114
15182
20072
14974
19984
19984
19986
14900
14970
19861
14866
14866
14892
14796
14806
11771
9764
11723
14732
11673
19298
19709
19778
19778
29676
29676
29676
29676
29692
29692
29692
29692
29284
19354
19429
19533
19672
29748
29788
19808
19808
19648
19648
19648
19530
19488
19488
14506
14506
14570
14712
14756
19538
29076
28688
19378
19125
29024
29024
19202
19474
19650
29368
29776
29776
30008
19997
20194
19965
19965
19965
19997
29852
29852
29852
29852
29532
29876
19802
29876
19749
19749
19866
29360
19813
29600
58480
29060
19253
14394
14462
19253
28784
19165
19368
14732
19826
19789
29596
29596
58928
59520
30296
59912
59912
30208
30136
20312
30460
20426
20210
30136
60312
60312
29944
29936
30112
30256
29896
29896
29896
30056
30112
30256
30256
20104
20248
20248
15276
30544
30472
20301
20301
29864
19762
19762
29616
29820
19648
19568
29244
57664
28716
28716
28716
18949
28804
19509
19400
29128
58712
59256
29616
30064
30064
30064
58912
29380
29244
29244
29848
19864
19794
19906
19938
19938
29700
58912
29356
58216
58216
58216
29288
29708
29708
20034
20149
20034
20034
29708
58912
58912
58912
29876
29604
19696
19610
29432
29400
29344
29364
19522
28992
58368
29488
29488
59352
30084
30084
19904
19941
29816
29816
29816
19858
30104
30472
59888
30636
30636
30072
30124
