64984
64704
64704
64408
63744
63480
63024
31460
31460
20901
20690
15508
15508
15508
15508
15508
15508
15508
15508
15508
15508
15508
15418
15244
15118
12003
12003
9998
8564
7475
6593
6593
5906
5399
5012
4580
4580
4293
4277
4268
3966
3966
3709
3709
3510
3282
3282
3130
2952
2775
2775
2678
2672
2672
2545
2467
2467
2364
2293
2283
2283
2210
2210
2108
2108
2108
2108
2108
2053
2043
1991
1908
1838
1838
1838
1764
1708
1653
1595
1569
1522
1479
1441
1441
1441
1415
1415
1389
1370
1350
1350
1345
1342
1307
1275
1247
1247
1221
1187
1187
1187
1187
1172
1172
1139
1139
1108
1108
1108
1098
1098
1098
1089
1060
1035
1023
1015
1015
1008
1008
1003
997
997
978
956
956
956
956
945
945
936
921
906
906
887
872
872
872
859
837
837
832
829
829
829
829
829
810
795
795
792
792
792
776
776
776
776
763
762
762
758
746
741
730
714
714
714
714
709
709
709
699
699
686
676
674
674
666
666
666
666
655
655
655
647
647
647
647
646
633
633
623
623
614
614
611
598
591
591
579
579
579
577
576
568
568
566
566
554
554
554
548
548
548
539
539
533
527
526
527
527
528
528
524
518
518
512
512
502
497
497
495
495
495
495
493
486
479
474
474
474
469
469
469
469
469
468
471
462
462
463
459
459
458
450
450
444
444
440
440
439
438
430
423
423
423
425
425
425
422
422
416
409
404
409
411
407
402
397
397
397
398
396
396
395
395
397
398
396
397
397
397
