64984
64704
64424
64128
63464
63200
62744
62160
61784
61328
60696
60400
60008
29984
29984
29700
29512
29332
19456
19456
19456
19304
19184
18952
18784
18445
18325
18226
13616
13510
13276
13276
13106
13024
10571
10384
12916
12826
12728
12650
12516
12462
12256
12194
12140
11878
9497
9448
9302
9112
9017
9017
7452
7386
7236
7178
7124
7038
6973
6897
6897
6848
5841
5707
5676
5704
5704
5704
5668
6561
6509
6509
5516
5481
5445
4682
4682
4617
4053
4053
3970
3895
3860
3860
3459
3524
3895
3896
4336
4309
4309
4818
4755
4690
4595
4060
4595
4000
3506
3148
2842
2842
2842
2794
2707
2469
2254
2134
1958
1823
1831
1806
1806
1693
1669
1597
1669
1669
1647
1621
1624
1701
1714
1714
1827
1752
1827
1800
1783
1765
1765
1737
1763
1763
1740
1833
1826
1826
1777
1715
1631
1715
1690
1564
1568
1546
1445
1400
1299
1225
1193
1240
1312
1309
1254
1254
1254
1172
1129
1069
1088
1118
1127
1102
1071
1144
1184
1112
1121
1116
1090
1131
1131
1085
1044
1081
1088
1052
1042
1048
1055
1098
1117
1117
1172
1142
1193
1153
1139
1193
1193
1145
1145
1106
1062
1176
1112
1092
1002
921
923
842
819
820
774
829
785
737
746
729
692
685
713
718
696
686
686
658
658
645
648
648
648
653
594
596
586
573
573
573
573
578
585
585
598
581
541
541
518
518
485
432
447
458
